For gauss_serial.c
Compile with "gcc gauss_serial.c -o serial" 
test output with ./serial <matrix_dimension> [random seed] [1] ##we need 4 arguments to have consistent seed value

For gauss_pthread.c
Compile with "gcc gauss_pthread.c -pthread -o pthread" 
test output with ./pthreads <matrix_dimension> [random seed] [number of threads]

For gauss_openMP.c
Compile with "gcc gauss_openMP.c -fopenmp -o openMP"
test output with ./openMP <matrix_dimension> [random seed] [number of threads]

Correctness tests:
./serial 10 20 2 ->     X = [-2.53;  1.09; -1.56;  1.23;  0.49;  2.08;  0.74; -0.18;  0.98; -1.42]
./pthread 10 20 2 ->    X = [-2.53;  1.09; -1.56;  1.23;  0.49;  2.08;  0.74; -0.18;  0.98; -1.42]
./openMP 10 20 2 ->     X = [-2.53;  1.09; -1.56;  1.23;  0.49;  2.08;  0.74; -0.18;  0.98; -1.42]

./serial 50 20 2 ->     X = [-1.01; -0.82; -0.26; -0.29;  0.32;  0.82;  0.71; -0.26;  0.60;  0.00;  0.54; -0.71;  0.65;  0.66; -0.26; -0.08;  0.09;  0.29;  0.11;  0.63; -0.60;  0.29; -0.38; -0.70; -0.30; -0.62;  0.39; -0.87;  0.50;  0.11; -0.43;  0.29;  0.57; -0.81; -0.83;  0.72; -0.85; -0.26;  0.74; -0.01;  0.69; -0.42; -0.53; -0.02;  0.85; -0.39;  0.87;  0.24;  1.01; -0.88]
./pthread 50 20 2 ->    X = [-1.01; -0.82; -0.26; -0.29;  0.32;  0.82;  0.71; -0.26;  0.60;  0.00;  0.54; -0.71;  0.65;  0.66; -0.26; -0.08;  0.09;  0.29;  0.11;  0.63; -0.60;  0.29; -0.38; -0.70; -0.30; -0.62;  0.39; -0.87;  0.50;  0.11; -0.43;  0.29;  0.57; -0.81; -0.83;  0.72; -0.85; -0.26;  0.74; -0.01;  0.69; -0.42; -0.53; -0.02;  0.85; -0.39;  0.87;  0.24;  1.01; -0.88]
./openMP 50 20 2 ->     X = [-1.01; -0.82; -0.26; -0.29;  0.32;  0.82;  0.71; -0.26;  0.60;  0.00;  0.54; -0.71;  0.65;  0.66; -0.26; -0.08;  0.09;  0.29;  0.11;  0.63; -0.60;  0.29; -0.38; -0.70; -0.30; -0.62;  0.39; -0.87;  0.50;  0.11; -0.43;  0.29;  0.57; -0.81; -0.83;  0.72; -0.85; -0.26;  0.74; -0.01;  0.69; -0.42; -0.53; -0.02;  0.85; -0.39;  0.87;  0.24;  1.01; -0.88]

./serial 99 20 2 ->     X = [-1.94; -2.90; -1.06; -0.27;  1.56;  3.00;  2.16;  1.79; -0.25; -0.00; -1.41; -2.94; -1.79;  0.69;  3.71; -3.28;  1.62; -0.60; -2.94;  0.64; -0.44;  2.85; -1.05; -0.67; -0.82;  2.52;  0.59; -0.14;  0.26;  0.17;  0.14;  0.34;  0.80;  1.78;  2.91;  0.19; -2.09; -0.93; -2.93;  2.09; -1.62; -0.78; -0.34;  1.64; -1.20; -0.35; -0.62; -0.60;  1.49; -0.47;  1.09; -0.55;  0.82; -3.06; -0.40;  2.28; -4.20;  0.63; -0.07;  0.58; -1.80; -1.34; -0.78;  0.69;  0.13; -0.13;  0.26; -0.10;  1.51;  0.66; -2.86;  0.93;  0.79;  3.67;  1.92;  0.59; -0.79;  0.93; -1.47;  0.97; -0.41;  1.78;  2.55; -0.60; -1.53; -2.16; -1.14; -0.25;  0.67; -2.88; -0.47; -0.26; -0.78;  1.60;  0.27;  2.32;  3.51; -1.52;  2.11]
./pthread 99 20 2 ->    X = [-1.94; -2.90; -1.06; -0.27;  1.56;  3.00;  2.16;  1.79; -0.25; -0.00; -1.41; -2.94; -1.79;  0.69;  3.71; -3.28;  1.62; -0.60; -2.94;  0.64; -0.44;  2.85; -1.05; -0.67; -0.82;  2.52;  0.59; -0.14;  0.26;  0.17;  0.14;  0.34;  0.80;  1.78;  2.91;  0.19; -2.09; -0.93; -2.93;  2.09; -1.62; -0.78; -0.34;  1.64; -1.20; -0.35; -0.62; -0.60;  1.49; -0.47;  1.09; -0.55;  0.82; -3.06; -0.40;  2.28; -4.20;  0.63; -0.07;  0.58; -1.80; -1.34; -0.78;  0.69;  0.13; -0.13;  0.26; -0.10;  1.51;  0.66; -2.86;  0.93;  0.79;  3.67;  1.92;  0.59; -0.79;  0.93; -1.47;  0.97; -0.41;  1.78;  2.55; -0.60; -1.53; -2.16; -1.14; -0.25;  0.67; -2.88; -0.47; -0.26; -0.78;  1.60;  0.27;  2.32;  3.51; -1.52;  2.11]
./openMP 99 20 2 ->     X = [-1.94; -2.90; -1.06; -0.27;  1.56;  3.00;  2.16;  1.79; -0.25; -0.00; -1.41; -2.94; -1.79;  0.69;  3.71; -3.28;  1.62; -0.60; -2.94;  0.64; -0.44;  2.85; -1.05; -0.67; -0.82;  2.52;  0.59; -0.14;  0.26;  0.17;  0.14;  0.34;  0.80;  1.78;  2.91;  0.19; -2.09; -0.93; -2.93;  2.09; -1.62; -0.78; -0.34;  1.64; -1.20; -0.35; -0.62; -0.60;  1.49; -0.47;  1.09; -0.55;  0.82; -3.06; -0.40;  2.28; -4.20;  0.63; -0.07;  0.58; -1.80; -1.34; -0.78;  0.69;  0.13; -0.13;  0.26; -0.10;  1.51;  0.66; -2.86;  0.93;  0.79;  3.67;  1.92;  0.59; -0.79;  0.93; -1.47;  0.97; -0.41;  1.78;  2.55; -0.60; -1.53; -2.16; -1.14; -0.25;  0.67; -2.88; -0.47; -0.26; -0.78;  1.60;  0.27;  2.32;  3.51; -1.52;  2.11]


**Speed test for N = 1000**
./serial 1000 20 2  -> Elapsed time = 1104.96 ms.

./pthread 1000 20 2 -> Elapsed time = 1016.07 ms.
./pthread 1000 20 4 -> Elapsed time = 742.736 ms.
./pthread 1000 20 8 -> Elapsed time = 489.042 ms.
./pthread 1000 20 16-> Elapsed time = 301.706 ms.
./pthread 1000 20 32-> Elapsed time = 180.029 ms.

./openMP 1000 20 2  -> Elapsed time = 754.94 ms.
./openMP 1000 20 4  -> Elapsed time = 408.37 ms.
./openMP 1000 20 8  -> Elapsed time = 299.822 ms.
./openMP 1000 20 16 -> Elapsed time = 238.789 ms.
./openMP 1000 20 32 -> Elapsed time = 230.158 ms.


**Speed test for N = 2000**
./serial 2000 20 2 -> Elapsed time = 7432.93 ms.

./pthread 2000 20 2 -> Elapsed time = 6703 ms.
./pthread 2000 20 4 -> Elapsed time = 5064.02 ms.
./pthread 2000 20 8 -> Elapsed time = 3387.43 ms.
./pthread 2000 20 16-> Elapsed time = 1985.11 ms.
./pthread 2000 20 32-> Elapsed time = 1145 ms.

./openMP 2000 20 2  -> Elapsed time = 4389.92 ms
./openMP 2000 20 4  -> Elapsed time = 2406.51 ms.
./openMP 2000 20 8  -> Elapsed time = 1628.98 ms.
./openMP 2000 20 16 -> Elapsed time = 1434.08 ms
./openMP 2000 20 32 -> Elapsed time = 847.869 ms.